RAMJET PARAMETERS (MISSILE 1)

t  Diameter                F    Length  rdot   OF
0	0.18	0.18	 3.47	1.472	0.4802	42.53
1	0.181	0.181	 3.47	1.475	0.4785	42.53
2	0.1819	0.1819	3.47	1.477	0.4768	42.53
3	0.1829	0.1829	3.47	1.48	0.4751	42.53
4	0.1838	0.1838	3.47	1.482	0.4734	42.53
5	0.1848	0.1848	3.47	1.485	0.4718	42.53
6	0.1857	0.1857	3.47	1.487	0.4701	42.53
7	0.1866	0.1867	3.47	1.49	0.4685	42.53
8	0.1876	0.1876	3.47	1.492	0.4669	42.53
9	0.1885	0.1886	3.47	1.495	0.4654	42.53
10	0.1894	0.1895	3.47	1.497	0.4638	42.53
11	0.1904	0.1904	3.47	1.5	0.4623	42.53
12	0.1913	0.1914	3.47	1.502	0.4607	42.53
13	0.1922	0.1923	3.47	1.504	0.4592	42.53
14	0.1931	0.1932	3.47	1.507	0.4578	42.53
15	0.194	0.1941	3.47	1.509	0.4563	42.53
16	0.1949	0.1951	3.47	1.512	0.4548	42.53
17	0.1959	0.196	3.47	1.514	0.4534	42.53
18	0.1968	0.1969	3.47	1.516	0.452	42.53
19	0.1977	0.1978	3.47	1.519	0.4506	42.53
20	0.1986	0.1987	3.47	1.521	0.4492	42.53
21	0.1995	0.1996	3.47	1.523	0.4478	42.53
22	0.2004	0.2005	3.47	1.526	0.4465	42.53
23	0.2012	0.2014	3.47	1.528	0.4451	42.53
24	0.2021	0.2023	3.47	1.53	0.4438	42.53
25	0.203	0.2032	3.47	1.532	0.4425	42.53
26	0.2039	0.2041	3.47	1.535	0.4412	42.53
27	0.2048	0.205	3.47	1.537	0.4399	42.53
28	0.2057	0.2059	3.47	1.539	0.4386	42.53
29	0.2065	0.2067	3.47	1.541	0.4373	42.53
30	0.2074	0.2076	3.47	1.544	0.4361	42.53
31	0.2083	0.2085	3.47	1.546	0.4348	42.53
32	0.2092	0.2094	3.47	1.548	0.4336	42.53
33	0.21	0.2102	3.47	1.55	0.4324	42.53
34	0.2109	0.2111	3.47	1.553	0.4312	42.53
35	0.2117	0.212	3.47	1.555	0.43	42.53
36	0.2126	0.2128	3.47	1.557	0.4288	42.53
37	0.2135	0.2137	3.47	1.559	0.4276	42.53
38	0.2143	0.2146	3.47	1.561	0.4265	42.53
39	0.2152	0.2154	3.47	1.563	0.4253	42.53
40	0.216	0.2163	3.47	1.566	0.4242	42.53
41	0.2169	0.2171	3.47	1.568	0.4231	42.53
42	0.2177	0.218	3.47	1.57	0.4219	42.53
43	0.2186	0.2188	3.47	1.572	0.4208	42.53
44	0.2194	0.2197	3.47	1.574	0.4197	42.53
45	0.2202	0.2205	3.47	1.576	0.4187	42.53
46	0.2211	0.2214	3.47	1.578	0.4176	42.53
47	0.2219	0.2222	3.47	1.58	0.4165	42.53
48	0.2227	0.223	3.47	1.582	0.4154	42.53
49	0.2236	0.2239	3.47	1.585	0.4144	42.53
50	0.2244	0.2247	3.47	1.587	0.4134	42.53
51	0.2252	0.2255	3.47	1.589	0.4123	42.53
52	0.226	0.2264	3.47	1.591	0.4113	42.53
53	0.2269	0.2272	3.47	1.593	0.4103	42.53
54	0.2277	0.228	3.47	1.595	0.4093	42.53
55	0.2285	0.2289	3.47	1.597	0.4083	42.53
56	0.2293	0.2297	3.47	1.599	0.4073	42.53
57	0.2301	0.2305	3.47	1.601	0.4063	42.53
58	0.2309	0.2313	3.47	1.603	0.4054	42.53
59	0.2317	0.2321	3.47	1.605	0.4044	42.53
60	0.2326	0.2329	3.47	1.607	0.4034	42.53
61	0.2334	0.2338	3.47	1.609	0.4025	42.53
62	0.2342	0.2346	3.47	1.611	0.4015	42.53
63	0.235	0.2354	3.47	1.613	0.4006	42.53
64	0.2358	0.2362	3.47	1.615	0.3997	42.53
65	0.2366	0.237	3.47	1.617	0.3988	42.53
66	0.2374	0.2378	3.47	1.619	0.3979	42.53
67	0.2382	0.2386	3.47	1.621	0.397	42.53
68	0.239	0.2394	3.47	1.623	0.3961	42.53
69	0.2397	0.2402	3.47	1.624	0.3952	42.53
70	0.2405	0.241	3.47	1.626	0.3943	42.53
71	0.2413	0.2418	3.47	1.628	0.3934	42.53
72	0.2421	0.2426	3.47	1.63	0.3925	42.53
73	0.2429	0.2433	3.47	1.632	0.3917	42.53
74	0.2437	0.2441	3.47	1.634	0.3908	42.53
75	0.2445	0.2449	3.47	1.636	0.39	42.53
76	0.2452	0.2457	3.47	1.638	0.3891	42.53
77	0.246	0.2465	3.47	1.64	0.3883	42.53
78	0.2468	0.2473	3.47	1.642	0.3875	42.53
79	0.2476	0.248	3.47	1.643	0.3866	42.53
80	0.2483	0.2488	3.47	1.645	0.3858	42.53
81	0.2491	0.2496	3.47	1.647	0.385	42.53
82	0.2499	0.2504	3.47	1.649	0.3842	42.53
83	0.2506	0.2511	3.47	1.651	0.3834	42.53
84	0.2514	0.2519	3.47	1.653	0.3826	42.53
85	0.2522	0.2527	3.47	1.655	0.3818	42.53
86	0.2529	0.2535	3.47	1.656	0.381	42.53
87	0.2537	0.2542	3.47	1.658	0.3803	42.53
88	0.2545	0.255	3.47	1.66	0.3795	42.53
89	0.2552	0.2557	3.47	1.662	0.3787	42.53
90	0.256	0.2565	3.47	1.664	0.378	42.53
91	0.2567	0.2573	3.47	1.665	0.3772	42.53
92	0.2575	0.258	3.47	1.667	0.3764	42.53
93	0.2582	0.2588	3.47	1.669	0.3757	42.53
94	0.259	0.2595	3.47	1.671	0.375	42.53
95	0.2597	0.2603	3.47	1.673	0.3742	42.53
96	0.2605	0.261	3.47	1.674	0.3735	42.53
97	0.2612	0.2618	3.47	1.676	0.3728	42.53
98	0.262	0.2625	3.47	1.678	0.372	42.53
99	0.2627	0.2633	3.47	1.68	0.3713	42.53
100	0.2635	0.264	3.47	1.681	0.3706	42.53
101	0.2642	0.2648	3.47	1.683	0.3699	42.53
102	0.2649	0.2655	3.47	1.685	0.3692	42.53
103	0.2657	0.2663	3.47	1.687	0.3685	42.53
104	0.2664	0.267	3.47	1.688	0.3678	42.53
105	0.2671	0.2678	3.47	1.69	0.3671	42.53
106	0.2679	0.2685	3.47	1.692	0.3664	42.53
107	0.2686	0.2692	3.47	1.694	0.3658	42.53
108	0.2693	0.27	3.47	1.695	0.3651	42.53
109	0.2701	0.2707	3.47	1.697	0.3644	42.53
110	0.2708	0.2714	3.47	1.699	0.3638	42.53
111	0.2715	0.2722	3.47	1.7	0.3631	42.53
112	0.2722	0.2729	3.47	1.702	0.3624	42.53
113	0.273	0.2736	3.47	1.704	0.3618	42.53
114	0.2737	0.2743	3.47	1.706	0.3611	42.53
115	0.2744	0.2751	3.47	1.707	0.3605	42.53
116	0.2751	0.2758	3.47	1.709	0.3598	42.53
117	0.2759	0.2765	3.47	1.711	0.3592	42.53
118	0.2766	0.2772	3.47	1.712	0.3586	42.53
119	0.2773	0.278	3.47	1.714	0.3579	42.53
120	0.278	0.2787	3.47	1.716	0.3573	42.53
121	0.2787	0.2794	3.47	1.717	0.3567	42.53
122	0.2794	0.2801	3.47	1.719	0.3561	42.53
123	0.2801	0.2808	3.47	1.721	0.3555	42.53
124	0.2809	0.2816	3.47	1.722	0.3548	42.53
125	0.2816	0.2823	3.47	1.724	0.3542	42.53
126	0.2823	0.283	3.47	1.726	0.3536	42.53
127	0.283	0.2837	3.47	1.727	0.353	42.53
128	0.2837	0.2844	3.47	1.729	0.3524	42.53
129	0.2844	0.2851	3.47	1.73	0.3518	42.53
130	0.2851	0.2858	3.47	1.732	0.3513	42.53
131	0.2858	0.2865	3.47	1.734	0.3507	42.53
132	0.2865	0.2872	3.47	1.735	0.3501	42.53
133	0.2872	0.2879	3.47	1.737	0.3495	42.53
134	0.2879	0.2886	3.47	1.739	0.3489	42.53
135	0.2886	0.2893	3.47	1.74	0.3484	42.53
136	0.2893	0.29	3.47	1.742	0.3478	42.53
137	0.29	0.2907	3.47	1.743	0.3472	42.53
138	0.2907	0.2914	3.47	1.745	0.3467	42.53
139	0.2914	0.2921	3.47	1.747	0.3461	42.53
